1
10001110
11110100
1000111
10100111
1111010
10111010
10101101
10011101
11011101
10011000
111101
10101010
1011101
10010110
11011000
1110010
11000000
1011000
11100000
111110
1001100
1100110
10010000
11011110
1010101
10000000
10100000
10000011
1001011
101010
1101100
11101101
111001
1010001
1100000
1010110
101100
10001010
1110000
11010000
11111
1001010
100110
10001011
110011
1101110
1001000
10001001
1101111
101110
10100100
11000011
1000000
1011110
1010000
100010
11001111
10101001
10101011
1100
10101
11100001
110110
1011111
11111000
11010101
10010010
1001110
10100110
100
110000
10001000
101011
11110
10110
1100111
1000101
10010011
111000
100011
1101000
10001100
10000001
11010
100101
1100001
10011
11000001
11001011
1100011
10010111
1110
110111
1000001
100100
1010111
11001010
1011011
10111001
11000100
10111
1001101
1010010
10001101
11101111
10110011
100000
11101100
101111
110010
101000
11010001
10001
11011001
11101001
11111011
11011010
1111001
11011011
1110111
110
10111011
10000100
11001101
11111110
11111100
11011
1010100
10100001
11101
1111100
11001100
11100100
10110000
1001001
110001
100111
101101
1010011
1101001
10
11110101
11000
11011111
1000100
1001111
10011011
10111100
1111
1011100
1011
11011100
10111101
10010100
10101100
1001
11000111
10100010
11100
10000010
10011111
11000110
110100
11000010
1000110
101
11001110
111011
1101
111100
10011100
1000
10111110
10110111
10000111
11100101
11101110
1101011
11101011
11110010
10111111
10101111
11000101
1100100
111
1111011
10010101
10011010
10101110
10110110
10010
1011001
10100101
110101
1100101
10111000
10100011
10011110
11010010
11110111
1100010
1011010
10000101
1111101
10101000
111010
101001
1110001
11001000
11110110
11111001
1000011
11010111
11010110
10000
1110011
1110110
1111000
10011001
1010
11001
10010001
10100
111111
11100110
11110000
10000110
10110001
11100010
11110001
11111010
1110100
11110011
10110100
1101101
100001
10110010
1101010
11100011
11100111
10110101
11101010
11
10001111
11010011
11001001
1000010
11010100
11101000
1110101
1111111
11111111
1111110
11111101
