1
10
100
1000
10000
100000
1000000
10000000
11101
111010
1110100
11101000
11001101
10000111
10011
100110
1001100
10011000
101101
1011010
10110100
1110101
11101010
11001001
10001111
11
110
1100
11000
110000
1100000
11000000
10011101
100111
1001110
10011100
100101
1001010
10010100
110101
1101010
11010100
10110101
1110111
11101110
11000001
10011111
100011
1000110
10001100
101
1010
10100
101000
1010000
10100000
1011101
10111010
1101001
11010010
10111001
1101111
11011110
10100001
1011111
10111110
1100001
11000010
10011001
101111
1011110
10111100
1100101
11001010
10001001
1111
11110
111100
1111000
11110000
11111101
11100111
11010011
10111011
1101011
11010110
10110001
1111111
11111110
11100001
11011111
10100011
1011011
10110110
1110001
11100010
11011001
10101111
1000011
10000110
10001
100010
1000100
10001000
1101
11010
110100
1101000
11010000
10111101
1100111
11001110
10000001
11111
111110
1111100
11111000
11101101
11000111
10010011
111011
1110110
11101100
11000101
10010111
110011
1100110
11001100
10000101
10111
101110
1011100
10111000
1101101
11011010
10101001
1001111
10011110
100001
1000010
10000100
10101
101010
1010100
10101000
1001101
10011010
101001
1010010
10100100
1010101
10101010
1001001
10010010
111001
1110010
11100100
11010101
10110111
1110011
11100110
11010001
10111111
1100011
11000110
10010001
111111
1111110
11111100
11100101
11010111
10110011
1111011
11110110
11110001
11111111
11100011
11011011
10101011
1001011
10010110
110001
1100010
11000100
10010101
110111
1101110
11011100
10100101
1010111
10101110
1000001
10000010
11001
110010
1100100
11001000
10001101
111
1110
11100
111000
1110000
11100000
11011101
10100111
1010011
10100110
1010001
10100010
1011001
10110010
1111001
11110010
11111001
11101111
11000011
10011011
101011
1010110
10101100
1000101
10001010
1001
10010
100100
1001000
10010000
111101
1111010
11110100
11110101
11110111
11110011
11111011
11101011
11001011
10001011
1011
10110
101100
1011000
10110000
1111101
11111010
11101001
11001111
10000011
11011
110110
1101100
11011000
10101101
1000111
10001110
