0
0
0
0
0
0
110
1011
11110
110101
1100000
11001011
10000111
11110
110010
1101011
11000110
10000000
1111
1101
1110
1001
100
11111
100110
1010101
10110000
1100110
11010000
10100000
1000011
10011001
1111
111111
1011100
10011011
1111
111011
1010000
10000111
111011
1011111
10010100
11110
10000
1101
110100
1000111
10111110
1010000
10010010
1010
100000
1110101
11011100
10010010
1
111011
1001100
10100011
1100111
11110011
11000101
10101000
1101
1011011
11110100
10110110
110101
101111
11000
1110111
10100110
11000
1111010
10111111
101111
10011
1101000
10011111
1110011
10110111
100001
10001
1110110
10111001
111001
100101
10010
1111101
10100000
110
1010000
11111101
10111001
110000
0
1100001
10100000
111110
11000
1010101
11001100
11100010
10110001
10110
1000110
11100111
10111111
1110
1110010
10001011
1111011
10000111
1100001
10110001
1011
1100011
10110000
1010
1101100
10100001
100101
110001
11110
1000001
11111100
10011010
10101001
11001110
11
10000101
10010011
10111110
11100111
1010100
100000
11001001
101
10000001
10010011
10110110
11111111
1101100
1001000
1
10010000
10101110
11010101
100010
11010010
101110
11000100
1100
10000010
10000010
10000101
10001010
10010111
10101100
11100101
1110110
1001110
111111
11011010
1100
10111110
11000110
111001
11011011
1
10101001
11100011
1110110
1000010
101011
11100110
1100000
1110010
1010111
11010
10000001
10101001
11111000
1010101
10011
10011100
10011110
10011101
10011010
10010111
10001100
11000101
1010110
1101110
11111
11111010
101100
10011110
11100110
11001
11111011
100001
10001001
11000011
1010110
1100010
1011
11000110
1000000
1010010
1110111
111010
10100001
10001001
11011000
1110101
110011
10111100
10111110
10111101
10111010
10110111
10101100
10100101
10110110
10010011
11011000
1001001
1110111
1000
11110111
11011
11011111
1001001
1111001
11110
11010001
1010001
1001101
10111111
11100110
110000
11110
11001
1001
10010110
10110100
1001101
110010
11010111
10110111
1110011
11100110
10011110
